1.075652241706848145e-01
9.311598539352416992e-02
1.262893676757812500e-01
8.413088321685791016e-02
1.024405211210250854e-01
1.170178651809692383e-01
9.622360765933990479e-02
7.136531919240951538e-02
7.656560093164443970e-02
8.446242660284042358e-02
8.285769075155258179e-02
1.065860316157341003e-01
7.576467841863632202e-02
9.098754823207855225e-02
1.006971597671508789e-01
8.850462734699249268e-02
9.157689660787582397e-02
1.009957343339920044e-01
9.408348798751831055e-02
8.834449946880340576e-02
1.059309616684913635e-01
8.160679042339324951e-02
9.404341131448745728e-02
1.006491109728813171e-01
8.894381672143936157e-02
9.609894454479217529e-02
8.873682469129562378e-02
9.872718900442123413e-02
1.016400307416915894e-01
1.007711887359619141e-01
1.029336676001548767e-01
1.170308515429496765e-01
9.438545256853103638e-02
1.176410317420959473e-01
1.270135194063186646e-01
1.119193360209465027e-01
1.562592983245849609e-01
1.585089713335037231e-01
1.071684509515762329e-01
1.224511191248893738e-01
1.556056439876556396e-01
1.328965574502944946e-01
1.206823810935020447e-01
1.193833947181701660e-01
1.571543216705322266e-01
1.177088841795921326e-01
1.496955454349517822e-01
1.767613142728805542e-01
1.350241452455520630e-01
1.469791680574417114e-01
1.324493736028671265e-01
1.693600565195083618e-01
1.442182809114456177e-01
1.826844662427902222e-01
1.221346408128738403e-01
1.702555567026138306e-01
1.446174085140228271e-01
1.494991928339004517e-01
1.652437746524810791e-01
